[
  {
    "title": "Cold Dance",
    "clipName": "colddance",
    "clipPath": "other/colddance.mp4v",
    "clipType": "video",
    "isTest": false,
    "frameCount": 398,
    "fps": 30.0,
    "duration": 13.267,
    "width": 576,
    "height": 1024,
    "startTime": 0,
    "endTime": 13.267,
    "poseUpperBodyOnly": false,
    "tags": [
      "TikTok"
    ],
    "landmarkScope": [
      "pose"
    ],
    "clipRelativeStem": "other/colddance",
    "audioAnalysis": {
      "duration": 13.27,
      "sample_rate": 44100,
      "tempo_info": {
        "bpm": 117.45383522727273,
        "starting_beat_timestamp": 0.034829931972789115,
        "beat_times": [
          0.034829931972789115,
          0.44117913832199546,
          0.9520181405895691,
          1.4512471655328798,
          1.9620861678004535,
          2.4961451247165534,
          3.111473922902494,
          3.657142857142857,
          4.156371882086168,
          4.667210884353741,
          5.23609977324263,
          5.839818594104308,
          6.350657596371882,
          6.849886621315193,
          7.453605442176871,
          8.02249433106576,
          8.533333333333333,
          9.044172335600907,
          9.543401360544218
        ]
      },
      "musical_phrases": [
        {
          "start_time": 0,
          "midpoints": [
            2.0781859410430834
          ],
          "end_time": 4.121541950113378
        },
        {
          "start_time": 4.121541950113378,
          "midpoints": [
            6.164897959183673
          ],
          "end_time": 8.208253968253967
        },
        {
          "start_time": 8.208253968253967,
          "midpoints": [
            10.28643990929705,
            12.329795918367346
          ],
          "end_time": 13.27
        }
      ],
      "phrase_groupings": [
        [
          0,
          1
        ],
        [
          2
        ]
      ],
      "cross_similarity": [
        [
          1.0,
          0.6338733336072605,
          0.36787944117144233
        ],
        [
          0.6338733336072605,
          1.0,
          0.38626953891326893
        ],
        [
          0.36787944117144233,
          0.38626953891326893,
          1.0
        ]
      ]
    }
  },
  {
    "title": "Debbie-Allen Challenge",
    "clipName": "debbieallenchallenge",
    "clipPath": "other/debbieallenchallenge.mp4v",
    "clipType": "video",
    "isTest": false,
    "frameCount": 922,
    "fps": 30.0,
    "duration": 30.733,
    "width": 576,
    "height": 1024,
    "startTime": 0,
    "endTime": 30.733,
    "poseUpperBodyOnly": false,
    "tags": [
      "TikTok"
    ],
    "landmarkScope": [
      "pose"
    ],
    "clipRelativeStem": "other/debbieallenchallenge",
    "audioAnalysis": {
      "duration": 30.81,
      "sample_rate": 44100,
      "tempo_info": {
        "bpm": 120.18531976744185,
        "starting_beat_timestamp": 0.034829931972789115,
        "beat_times": [
          0.034829931972789115,
          0.4876190476190476,
          0.9752380952380952,
          1.4628571428571429,
          1.9504761904761905,
          2.4380952380952383,
          2.9373242630385485,
          3.4249433106575964,
          3.912562358276644,
          4.4117913832199545,
          4.899410430839002,
          5.3986394557823125,
          5.88625850340136,
          6.3854875283446715,
          6.873106575963718,
          7.360725623582766,
          7.848344671201814,
          8.347573696145124,
          8.846802721088435,
          9.334421768707482,
          9.845260770975056,
          10.332879818594105,
          10.832108843537416,
          11.331337868480725,
          11.842176870748299,
          12.329795918367347,
          12.829024943310658,
          13.316643990929705,
          13.827482993197279,
          14.315102040816326,
          14.814331065759637,
          15.313560090702948,
          15.824399092970522,
          16.31201814058957,
          16.822857142857142,
          17.29886621315193,
          17.76326530612245,
          18.216054421768707,
          18.68045351473923,
          19.14485260770975,
          19.59764172335601,
          20.050430839002267,
          20.514829931972788,
          20.97922902494331,
          21.43201814058957,
          21.884807256235828,
          22.325986394557823,
          22.790385487528344,
          23.254784580498868,
          23.695963718820863,
          24.160362811791384
        ]
      },
      "musical_phrases": [
        {
          "start_time": 0,
          "midpoints": [
            2.0317460317460316
          ],
          "end_time": 4.028662131519274
        },
        {
          "start_time": 4.028662131519274,
          "midpoints": [
            6.025578231292517
          ],
          "end_time": 8.02249433106576
        },
        {
          "start_time": 8.02249433106576,
          "midpoints": [
            10.019410430839002
          ],
          "end_time": 12.016326530612245
        },
        {
          "start_time": 12.016326530612245,
          "midpoints": [
            14.013242630385488
          ],
          "end_time": 16.01015873015873
        },
        {
          "start_time": 16.01015873015873,
          "midpoints": [
            18.007074829931973
          ],
          "end_time": 20.003990929705214
        },
        {
          "start_time": 20.003990929705214,
          "midpoints": [
            22.000907029478455
          ],
          "end_time": 23.9978231292517
        },
        {
          "start_time": 23.9978231292517,
          "midpoints": [
            25.994739229024944
          ],
          "end_time": 27.991655328798185
        },
        {
          "start_time": 27.991655328798185,
          "midpoints": [
            30.02340136054422,
            32.02031746031746
          ],
          "end_time": 30.81
        }
      ],
      "phrase_groupings": [
        [
          0,
          1
        ],
        [
          2
        ],
        [
          3
        ],
        [
          4
        ],
        [
          5
        ],
        [
          6
        ],
        [
          7
        ]
      ],
      "cross_similarity": [
        [
          1.0,
          0.7485294973082469,
          0.5639457392250521,
          0.6251112442221727,
          0.4025082776677049,
          0.3934647548726829,
          0.22700361716695486,
          0.26465405282094173
        ],
        [
          0.7485294973082469,
          1.0,
          0.5959621695532236,
          0.7046352496038035,
          0.40747782566126106,
          0.4008235154870124,
          0.26127890937630766,
          0.24423157471320983
        ],
        [
          0.5639457392250521,
          0.5959621695532236,
          1.0,
          0.5807753321121815,
          0.5906991077916032,
          0.5101609624074156,
          0.3314190997218215,
          0.1895984740073265
        ],
        [
          0.6251112442221727,
          0.7046352496038035,
          0.5807753321121815,
          1.0,
          0.3764604752083864,
          0.38671272377932114,
          0.2664435308829032,
          0.2529383463602317
        ],
        [
          0.4025082776677049,
          0.40747782566126106,
          0.5906991077916034,
          0.3764604752083864,
          1.0,
          0.5843252803516156,
          0.35949400308677576,
          0.13816172186869766
        ],
        [
          0.3934647548726829,
          0.4008235154870124,
          0.5101609624074156,
          0.38671272377932114,
          0.5843252803516156,
          1.0,
          0.3354868042174406,
          0.14069810799060706
        ],
        [
          0.22700361716695475,
          0.26127890937630766,
          0.33141909972182154,
          0.26644353088290307,
          0.35949400308677576,
          0.3354868042174406,
          1.0,
          0.08928295482644968
        ],
        [
          0.26465405282094173,
          0.24423157471320983,
          0.1895984740073265,
          0.2529383463602317,
          0.13816172186869766,
          0.14069810799060706,
          0.08928295482644968,
          1.0
        ]
      ]
    }
  },
  {
    "title": "Getup",
    "clipName": "getup",
    "clipPath": "other/getup.mp4v",
    "clipType": "video",
    "isTest": false,
    "frameCount": 527,
    "fps": 30.0,
    "duration": 17.567,
    "width": 720,
    "height": 1280,
    "startTime": 0,
    "endTime": 18.033,
    "poseUpperBodyOnly": false,
    "tags": [
      "TikTok"
    ],
    "landmarkScope": [
      "pose"
    ],
    "clipRelativeStem": "other/getup",
    "audioAnalysis": {
      "duration": 18.03,
      "sample_rate": 44100,
      "tempo_info": {
        "bpm": 129.19921875,
        "starting_beat_timestamp": 0.33668934240362813,
        "beat_times": [
          0.33668934240362813,
          0.8010884353741496,
          1.2654875283446712,
          1.7298866213151927,
          2.182675736961451,
          2.6586848072562357,
          3.1346938775510202,
          3.610702947845805,
          4.063492063492063,
          4.539501133786848,
          5.00390022675737,
          5.468299319727891,
          5.932698412698413,
          6.397097505668934,
          6.873106575963718,
          7.337505668934241,
          7.801904761904762,
          8.266303854875284,
          8.730702947845804,
          9.195102040816327,
          9.671111111111111,
          10.135510204081633,
          10.599909297052154,
          11.064308390022676,
          11.528707482993198,
          11.993106575963719,
          12.45750566893424,
          12.933514739229025,
          13.386303854875283,
          13.862312925170068,
          14.32671201814059
        ]
      },
      "musical_phrases": [
        {
          "start_time": 0,
          "midpoints": [
            2.1942857142857144
          ],
          "end_time": 4.051882086167801
        },
        {
          "start_time": 4.051882086167801,
          "midpoints": [
            5.909478458049887
          ],
          "end_time": 7.767074829931973
        },
        {
          "start_time": 7.767074829931973,
          "midpoints": [
            9.62467120181406
          ],
          "end_time": 11.482267573696145
        },
        {
          "start_time": 11.482267573696145,
          "midpoints": [
            13.339863945578232
          ],
          "end_time": 15.197460317460317
        },
        {
          "start_time": 15.197460317460317,
          "midpoints": [
            17.39174603174603,
            19.24934240362812
          ],
          "end_time": 18.03
        }
      ],
      "phrase_groupings": [
        [
          0,
          1,
          2,
          3
        ],
        [
          4
        ]
      ],
      "cross_similarity": [
        [
          1.0,
          0.6538599145171315,
          0.6399780631086975,
          0.5991390519267507,
          0.3814117912512215
        ],
        [
          0.6538599145171315,
          1.0,
          0.8463050634727797,
          0.7783067202912335,
          0.3741434114145114
        ],
        [
          0.6399780631086975,
          0.8463050634727797,
          1.0,
          0.8262860039392823,
          0.36787944117144233
        ],
        [
          0.5991390519267507,
          0.7783067202912333,
          0.8262860039392825,
          1.0,
          0.34698993002622835
        ],
        [
          0.3814117912512215,
          0.3741434114145114,
          0.36787944117144233,
          0.34698993002622835,
          1.0
        ]
      ]
    }
  },
  {
    "title": "It's a Fit",
    "clipName": "itsafit",
    "clipPath": "other/itsafit.mp4v",
    "clipType": "video",
    "isTest": false,
    "frameCount": 414,
    "fps": 29.97,
    "duration": 13.814,
    "width": 576,
    "height": 1024,
    "startTime": 1,
    "endTime": 10.0,
    "poseUpperBodyOnly": false,
    "tags": [
      "TikTok"
    ],
    "landmarkScope": [
      "pose"
    ],
    "clipRelativeStem": "other/itsafit",
    "audioAnalysis": {
      "duration": 13.86,
      "sample_rate": 44100,
      "tempo_info": {
        "bpm": 99.38401442307692,
        "starting_beat_timestamp": 0.058049886621315196,
        "beat_times": [
          0.058049886621315196,
          0.626938775510204,
          1.253877551020408,
          1.8575963718820863,
          2.461315192743764,
          3.1230839002267574,
          3.6687528344671203,
          4.260861678004535,
          4.864580498866213,
          5.456689342403628,
          6.060408163265306,
          6.664126984126984,
          7.267845804988662,
          7.952834467120182,
          8.463673469387755,
          9.05578231292517,
          9.671111111111111
        ]
      },
      "musical_phrases": [
        {
          "start_time": 0,
          "midpoints": [
            2.4729251700680273
          ],
          "end_time": 4.88780045351474
        },
        {
          "start_time": 4.88780045351474,
          "midpoints": [
            7.302675736961453
          ],
          "end_time": 9.717551020408164
        },
        {
          "start_time": 9.717551020408164,
          "midpoints": [
            12.190476190476192,
            14.605351473922905
          ],
          "end_time": 13.86
        }
      ],
      "phrase_groupings": [
        [
          0,
          1
        ],
        [
          2
        ]
      ],
      "cross_similarity": [
        [
          1.0,
          0.6238940205797006,
          0.36787944117144233
        ],
        [
          0.6238940205797006,
          1.0,
          0.393562963733388
        ],
        [
          0.36787944117144233,
          0.393562963733388,
          1.0
        ]
      ]
    }
  },
  {
    "title": "Laxed (Siren Beat)",
    "clipName": "laxed-siren-beat",
    "clipPath": "other/laxed-siren-beat.mp4v",
    "clipType": "video",
    "isTest": false,
    "frameCount": 452,
    "fps": 30.0,
    "duration": 15.067,
    "width": 576,
    "height": 1024,
    "startTime": 0,
    "endTime": 15.067,
    "poseUpperBodyOnly": false,
    "tags": [
      "TikTok"
    ],
    "landmarkScope": [
      "pose"
    ],
    "clipRelativeStem": "other/laxed-siren-beat",
    "audioAnalysis": {
      "duration": 15.09,
      "sample_rate": 44100,
      "tempo_info": {
        "bpm": 147.65625,
        "starting_beat_timestamp": 0.034829931972789115,
        "beat_times": [
          0.034829931972789115,
          0.3831292517006803,
          0.7546485260770975,
          1.1609977324263039,
          1.555736961451247,
          1.9620861678004535,
          2.345215419501134,
          2.75156462585034,
          3.1579138321995464,
          3.564263038548753,
          3.959002267573696,
          4.35374149659864,
          4.748480725623582,
          5.143219954648526,
          5.5495691609977325,
          5.955918367346939,
          6.350657596371882,
          6.757006802721088,
          7.151746031746032,
          7.558095238095238,
          7.9412244897959186,
          8.347573696145124,
          8.719092970521542,
          9.148662131519274,
          9.55501133786848,
          9.949750566893425,
          10.32126984126984,
          10.750839002267574,
          11.133968253968254,
          11.528707482993198,
          11.946666666666667,
          12.34140589569161,
          12.747755102040816,
          13.142494331065759,
          13.548843537414966,
          13.94358276643991,
          14.338321995464852,
          14.744671201814059
        ]
      },
      "musical_phrases": [
        {
          "start_time": 0,
          "midpoints": [
            1.6602267573696146
          ],
          "end_time": 3.2856235827664397
        },
        {
          "start_time": 3.2856235827664397,
          "midpoints": [
            4.911020408163266
          ],
          "end_time": 6.5364172335600905
        },
        {
          "start_time": 6.5364172335600905,
          "midpoints": [
            8.161814058956915
          ],
          "end_time": 9.78721088435374
        },
        {
          "start_time": 9.78721088435374,
          "midpoints": [
            11.412607709750565
          ],
          "end_time": 13.03800453514739
        },
        {
          "start_time": 13.03800453514739,
          "midpoints": [
            14.698231292517004
          ],
          "end_time": 15.09
        }
      ],
      "phrase_groupings": [
        [
          0,
          1
        ],
        [
          2
        ],
        [
          3
        ],
        [
          4
        ]
      ],
      "cross_similarity": [
        [
          1.0,
          0.7288832188648885,
          0.5662111500506952,
          0.7291937633181658,
          0.4032969719000036
        ],
        [
          0.7288832188648885,
          1.0,
          0.615305028233315,
          0.7291777251092766,
          0.36787944117144245
        ],
        [
          0.5662111500506954,
          0.6153050282333149,
          1.0,
          0.5818910725340624,
          0.2606984301840622
        ],
        [
          0.7291937633181658,
          0.7291777251092766,
          0.5818910725340621,
          1.0,
          0.39743646238741925
        ],
        [
          0.4032969719000036,
          0.36787944117144233,
          0.26069843018406225,
          0.39743646238741914,
          1.0
        ]
      ]
    }
  },
  {
    "title": "raysteps-watchmyshoes",
    "clipName": "raysteps-watchmyshoes",
    "clipPath": "other/raysteps-watchmyshoes.mp4v",
    "clipType": "video",
    "isTest": false,
    "frameCount": 570,
    "fps": 30.0,
    "duration": 19.0,
    "width": 576,
    "height": 1024,
    "startTime": 0,
    "endTime": 19.0,
    "poseUpperBodyOnly": false,
    "tags": [
      "TikTok"
    ],
    "landmarkScope": [
      "pose"
    ],
    "clipRelativeStem": "other/raysteps-watchmyshoes",
    "audioAnalysis": {
      "duration": 19.06,
      "sample_rate": 44100,
      "tempo_info": {
        "bpm": 166.70866935483872,
        "starting_beat_timestamp": 0.06965986394557823,
        "beat_times": [
          0.06965986394557823,
          0.3599092970521542,
          0.7082086167800453,
          1.0681179138321995,
          1.4280272108843537,
          1.787936507936508,
          2.147845804988662,
          2.507755102040816,
          2.8560544217687074,
          3.2275736961451247,
          3.5874829931972787,
          3.947392290249433,
          4.31891156462585,
          4.667210884353741,
          5.027120181405896,
          5.38702947845805,
          5.758548752834467,
          6.1184580498866215,
          6.478367346938776,
          6.8382766439909295,
          7.198185941043084,
          7.558095238095238,
          7.918004535147392,
          8.277913832199546,
          8.649433106575964,
          9.02095238095238,
          9.369251700680271,
          9.729160997732427,
          10.100680272108843,
          10.448979591836734,
          10.80888888888889,
          11.168798185941043,
          11.54031746031746,
          11.911836734693878,
          12.26013605442177,
          12.620045351473923,
          12.979954648526077,
          13.339863945578232,
          13.699773242630386,
          14.05968253968254,
          14.419591836734694,
          14.721451247165533,
          15.034920634920635
        ]
      },
      "musical_phrases": [
        {
          "start_time": 0,
          "midpoints": [
            1.509297052154195
          ],
          "end_time": 2.948934240362812
        },
        {
          "start_time": 2.948934240362812,
          "midpoints": [
            4.388571428571429
          ],
          "end_time": 5.828208616780046
        },
        {
          "start_time": 5.828208616780046,
          "midpoints": [
            7.267845804988663
          ],
          "end_time": 8.70748299319728
        },
        {
          "start_time": 8.70748299319728,
          "midpoints": [
            10.147120181405896
          ],
          "end_time": 11.586757369614514
        },
        {
          "start_time": 11.586757369614514,
          "midpoints": [
            13.02639455782313
          ],
          "end_time": 14.466031746031748
        },
        {
          "start_time": 14.466031746031748,
          "midpoints": [
            15.905668934240364
          ],
          "end_time": 17.34530612244898
        },
        {
          "start_time": 17.34530612244898,
          "midpoints": [
            18.854603174603177
          ],
          "end_time": 19.06
        }
      ],
      "phrase_groupings": [
        [
          0,
          1,
          2,
          3,
          4,
          5
        ],
        [
          6
        ]
      ],
      "cross_similarity": [
        [
          1.0,
          0.6664367659609381,
          0.7190652978200367,
          0.7329456425920199,
          0.7211974740121597,
          0.5684185672843293,
          0.35971376330578214
        ],
        [
          0.6664367659609381,
          1.0,
          0.8492386607956781,
          0.8503202583461535,
          0.8433753567913097,
          0.6236567932082402,
          0.3293400610540531
        ],
        [
          0.7190652978200367,
          0.8492386607956781,
          1.0,
          0.9115372289067227,
          0.894670533101129,
          0.6606907358978051,
          0.36787944117144233
        ],
        [
          0.7329456425920199,
          0.8503202583461535,
          0.9115372289067227,
          1.0,
          0.8798316231588272,
          0.6461343250196068,
          0.3517096098221462
        ],
        [
          0.7211974740121597,
          0.8433753567913097,
          0.894670533101129,
          0.8798316231588272,
          1.0,
          0.6365200517768933,
          0.3628738818326578
        ],
        [
          0.5684185672843293,
          0.6236567932082402,
          0.6606907358978051,
          0.6461343250196068,
          0.6365200517768933,
          1.0,
          0.3976876564318557
        ],
        [
          0.35971376330578214,
          0.3293400610540531,
          0.36787944117144233,
          0.3517096098221462,
          0.3628738818326578,
          0.3976876564318557,
          1.0
        ]
      ]
    }
  },
  {
    "title": "Renegade",
    "clipName": "renegade",
    "clipPath": "other/renegade.mp4v",
    "clipType": "video",
    "isTest": false,
    "frameCount": 367,
    "fps": 30.0,
    "duration": 12.233,
    "width": 576,
    "height": 1024,
    "startTime": 0,
    "endTime": 12.233,
    "poseUpperBodyOnly": false,
    "tags": [
      "TikTok"
    ],
    "landmarkScope": [
      "pose"
    ],
    "clipRelativeStem": "other/renegade",
    "audioAnalysis": {
      "duration": 12.23,
      "sample_rate": 44100,
      "tempo_info": {
        "bpm": 99.38401442307692,
        "starting_beat_timestamp": 0.08126984126984127,
        "beat_times": [
          0.08126984126984127,
          0.6849886621315193,
          1.2887074829931973,
          1.8924263038548752,
          2.4961451247165534,
          3.0998639455782313,
          3.6919727891156464,
          4.307301587301588,
          4.911020408163266,
          5.5147392290249435,
          6.1184580498866215,
          6.722176870748299,
          7.325895691609977,
          7.929614512471655,
          8.533333333333333,
          9.137052154195011,
          9.740770975056689,
          10.344489795918367,
          10.948208616780045,
          11.551927437641723
        ]
      },
      "musical_phrases": [
        {
          "start_time": 0,
          "midpoints": [
            2.4961451247165534
          ],
          "end_time": 4.911020408163266
        },
        {
          "start_time": 4.911020408163266,
          "midpoints": [
            7.325895691609977
          ],
          "end_time": 9.74077097505669
        },
        {
          "start_time": 9.74077097505669,
          "midpoints": [
            12.236916099773245
          ],
          "end_time": 12.23
        }
      ],
      "phrase_groupings": [
        [
          0
        ],
        [
          1
        ],
        [
          2
        ]
      ],
      "cross_similarity": [
        [
          1.0,
          0.5269031367189652,
          0.36787944117144233
        ],
        [
          0.5269031367189652,
          1.0,
          0.5613475771025667
        ],
        [
          0.36787944117144233,
          0.5613475771025667,
          1.0
        ]
      ]
    }
  },
  {
    "title": "Say So",
    "clipName": "sayso",
    "clipPath": "other/sayso.mp4v",
    "clipType": "video",
    "isTest": false,
    "frameCount": 1733,
    "fps": 29.97,
    "duration": 57.824,
    "width": 540,
    "height": 960,
    "startTime": 0,
    "endTime": 58.292,
    "poseUpperBodyOnly": false,
    "tags": [
      "TikTok"
    ],
    "landmarkScope": [
      "pose"
    ],
    "clipRelativeStem": "other/sayso",
    "audioAnalysis": {
      "duration": 58.29,
      "sample_rate": 44100,
      "tempo_info": {
        "bpm": 109.95678191489361,
        "starting_beat_timestamp": 0.12770975056689343,
        "beat_times": [
          0.12770975056689343,
          0.7778684807256235,
          1.3119274376417234,
          1.8575963718820863,
          2.380045351473923,
          2.948934240362812,
          3.4829931972789114,
          4.028662131519274,
          4.551111111111111,
          5.108390022675737,
          5.642448979591837,
          6.188117913832199,
          6.710566893424036,
          7.267845804988662,
          7.801904761904762,
          8.347573696145124,
          8.870022675736962,
          9.427301587301587,
          9.961360544217687,
          10.50702947845805,
          11.029478458049887,
          11.586757369614512,
          12.132426303854876,
          12.678095238095239,
          13.200544217687074,
          13.757823129251701,
          14.280272108843537,
          14.837551020408164,
          15.36,
          15.917278911564626,
          16.451337868480724,
          16.99700680272109,
          17.519455782312924,
          18.07673469387755,
          18.61079365079365,
          19.156462585034014,
          19.67891156462585,
          20.236190476190476,
          20.770249433106574,
          21.3275283446712,
          21.849977324263037,
          22.407256235827663,
          22.929705215419503,
          23.486984126984126,
          23.9978231292517,
          24.56671201814059,
          25.10077097505669,
          25.64643990929705,
          26.16888888888889,
          26.726167800453513,
          27.248616780045353,
          27.794285714285714,
          28.328344671201815,
          28.897233560090704,
          29.431292517006803,
          29.9653514739229,
          30.499410430839003,
          31.045079365079363,
          31.579138321995465,
          32.13641723356009,
          32.64725623582766,
          33.216145124716554,
          33.75020408163265,
          34.29587301587301,
          34.81832199546485,
          35.37560090702948,
          35.90965986394558,
          36.45532879818594,
          36.977777777777774,
          37.54666666666667,
          38.0691156462585,
          38.61478458049886,
          39.14884353741497,
          39.70612244897959,
          40.24018140589569,
          40.78585034013606,
          41.29668934240363,
          41.86557823129252,
          42.399637188208615,
          42.94530612244898,
          43.46775510204082,
          44.02503401360544,
          44.55909297052154,
          45.10476190476191,
          45.61560090702948,
          46.18448979591837,
          46.718548752834465,
          47.206167800453514,
          47.78666666666667,
          48.34394557823129,
          48.88961451247165,
          49.43528344671202,
          49.957732426303856,
          50.51501133786848,
          51.04907029478458,
          51.594739229024945,
          52.11718820861678,
          52.674467120181404,
          53.2085260770975,
          53.75419501133787,
          54.276643990929706
        ]
      },
      "musical_phrases": [
        {
          "start_time": 0,
          "midpoints": [
            2.310385487528345
          ],
          "end_time": 4.4930612244897965
        },
        {
          "start_time": 4.4930612244897965,
          "midpoints": [
            6.675736961451248
          ],
          "end_time": 8.8584126984127
        },
        {
          "start_time": 8.8584126984127,
          "midpoints": [
            11.041088435374151
          ],
          "end_time": 13.223764172335603
        },
        {
          "start_time": 13.223764172335603,
          "midpoints": [
            15.406439909297054
          ],
          "end_time": 17.589115646258506
        },
        {
          "start_time": 17.589115646258506,
          "midpoints": [
            19.771791383219956
          ],
          "end_time": 21.95446712018141
        },
        {
          "start_time": 21.95446712018141,
          "midpoints": [
            24.137142857142862
          ],
          "end_time": 26.319818594104312
        },
        {
          "start_time": 26.319818594104312,
          "midpoints": [
            28.502494331065762
          ],
          "end_time": 30.685170068027215
        },
        {
          "start_time": 30.685170068027215,
          "midpoints": [
            32.86784580498867
          ],
          "end_time": 35.05052154195012
        },
        {
          "start_time": 35.05052154195012,
          "midpoints": [
            37.23319727891157
          ],
          "end_time": 39.41587301587302
        },
        {
          "start_time": 39.41587301587302,
          "midpoints": [
            41.59854875283447
          ],
          "end_time": 43.78122448979592
        },
        {
          "start_time": 43.78122448979592,
          "midpoints": [
            45.96390022675737
          ],
          "end_time": 48.14657596371882
        },
        {
          "start_time": 48.14657596371882,
          "midpoints": [
            50.32925170068027
          ],
          "end_time": 52.51192743764172
        },
        {
          "start_time": 52.51192743764172,
          "midpoints": [
            54.82231292517006,
            57.00498866213151
          ],
          "end_time": 58.29
        }
      ],
      "phrase_groupings": [
        [
          0
        ],
        [
          1
        ],
        [
          2
        ],
        [
          3
        ],
        [
          4
        ],
        [
          5
        ],
        [
          6
        ],
        [
          7
        ],
        [
          8
        ],
        [
          9
        ],
        [
          10
        ],
        [
          11
        ],
        [
          12
        ]
      ],
      "cross_similarity": [
        [
          1.0,
          0.20396559944726986,
          0.2223816439594402,
          0.25189158336911227,
          0.20015348626844437,
          0.2705336834427504,
          0.2608501683743359,
          0.30226747700375617,
          0.20278354889889472,
          0.2595125369706028,
          0.20926040841930002,
          0.20658870600083218,
          0.06554186720380076
        ],
        [
          0.20396559944726986,
          1.0,
          0.48329077683004984,
          0.36787944117144233,
          0.29922979402696576,
          0.2222418528285095,
          0.39954822121077693,
          0.4239453578383464,
          0.3843533159540909,
          0.47473267241453965,
          0.33463714193169203,
          0.4825904155111434,
          0.12396928106479098
        ],
        [
          0.2223816439594402,
          0.48329077683004984,
          1.0,
          0.3027624406226669,
          0.2502853778891596,
          0.19150916308493177,
          0.431762240843664,
          0.3244359641528998,
          0.41662541772907447,
          0.32755037204697635,
          0.26196697937899305,
          0.44106428699441846,
          0.0790739371940033
        ],
        [
          0.25189158336911227,
          0.36787944117144233,
          0.3027624406226669,
          1.0,
          0.537405484455763,
          0.4666243036685715,
          0.4937602079657517,
          0.5460574643855711,
          0.41121580547700404,
          0.4349775587780484,
          0.548783265330002,
          0.48275509838131864,
          0.14495406668700295
        ],
        [
          0.20015348626844437,
          0.29922979402696576,
          0.2502853778891596,
          0.537405484455763,
          1.0,
          0.42283121255187844,
          0.45364059422636005,
          0.4288141394096348,
          0.4103908052056086,
          0.3223822360350415,
          0.4634832893189876,
          0.4251788229136089,
          0.14510699757775097
        ],
        [
          0.27053368344275064,
          0.22224185282850933,
          0.19150916308493185,
          0.4666243036685715,
          0.42283121255187844,
          1.0,
          0.3269548016983784,
          0.43497675705842836,
          0.27153806553940224,
          0.3201864194992193,
          0.41306788613959616,
          0.29441925173157946,
          0.12417776631130985
        ],
        [
          0.2608501683743359,
          0.39954822121077693,
          0.431762240843664,
          0.4937602079657517,
          0.45364059422636005,
          0.32695480169837815,
          1.0,
          0.45387641985215016,
          0.5509733735206666,
          0.35539948624882883,
          0.39968431539417565,
          0.5284146136592374,
          0.10915548491564063
        ],
        [
          0.30226747700375617,
          0.4239453578383464,
          0.3244359641528998,
          0.5460574643855711,
          0.4288141394096348,
          0.43497675705842836,
          0.45387641985215016,
          1.0,
          0.3871005007345406,
          0.5388426733389636,
          0.43783364121185425,
          0.4454994798483765,
          0.14413687838949363
        ],
        [
          0.20278354889889472,
          0.3843533159540909,
          0.41662541772907447,
          0.41121580547700404,
          0.4103908052056086,
          0.271538065539402,
          0.5509733735206666,
          0.3871005007345406,
          1.0,
          0.32095652705037636,
          0.3563835975640521,
          0.4843663472812183,
          0.10271523789655443
        ],
        [
          0.2595125369706028,
          0.47473267241453965,
          0.32755037204697635,
          0.4349775587780484,
          0.3223822360350415,
          0.3201864194992193,
          0.35539948624882883,
          0.5388426733389636,
          0.32095652705037636,
          1.0,
          0.39985840376066695,
          0.41457337386920307,
          0.1452915620567419
        ],
        [
          0.20926040841930002,
          0.33463714193169203,
          0.26196697937899305,
          0.548783265330002,
          0.4634832893189876,
          0.41306788613959616,
          0.39968431539417565,
          0.43783364121185425,
          0.3563835975640521,
          0.39985840376066695,
          1.0,
          0.42882489424814485,
          0.14944862143528292
        ],
        [
          0.20658870600083218,
          0.4825904155111434,
          0.44106428699441846,
          0.48275509838131864,
          0.4251788229136089,
          0.2944192517315797,
          0.5284146136592374,
          0.4454994798483765,
          0.4843663472812183,
          0.41457337386920307,
          0.42882489424814485,
          1.0,
          0.12637562914096057
        ],
        [
          0.06554186720380067,
          0.12396928106479098,
          0.07907393719400341,
          0.14495406668700295,
          0.14510699757775097,
          0.12417776631130968,
          0.10915548491564049,
          0.144136878389494,
          0.10271523789655425,
          0.1452915620567419,
          0.14944862143528306,
          0.12637562914096057,
          1.0
        ]
      ]
    }
  },
  {
    "title": "Unhhunh",
    "clipName": "unhhunh",
    "clipPath": "other/unhhunh.mp4v",
    "clipType": "video",
    "isTest": false,
    "frameCount": 578,
    "fps": 30.0,
    "duration": 19.267,
    "width": 540,
    "height": 960,
    "startTime": 0,
    "endTime": 19.267,
    "poseUpperBodyOnly": false,
    "tags": [
      "TikTok"
    ],
    "landmarkScope": [
      "pose"
    ],
    "clipRelativeStem": "other/unhhunh",
    "audioAnalysis": {
      "duration": 19.27,
      "sample_rate": 44100,
      "tempo_info": {
        "bpm": 103.359375,
        "starting_beat_timestamp": 0.19736961451247165,
        "beat_times": [
          0.19736961451247165,
          0.8010884353741496,
          1.4048072562358276,
          2.0085260770975055,
          2.589024943310658,
          3.1695238095238096,
          3.7848526077097504,
          4.388571428571429,
          5.038730158730159,
          5.630839002267574,
          6.222947845804988,
          6.8034467120181406,
          7.3723356009070296,
          7.952834467120182,
          8.544943310657596,
          9.125442176870749,
          9.7059410430839,
          10.286439909297052,
          10.866938775510205,
          11.459047619047618,
          12.039546485260772,
          12.631655328798185,
          13.25859410430839,
          13.839092970521541,
          14.349931972789115,
          14.918820861678004,
          15.51092970521542,
          16.16108843537415,
          16.72997732426304,
          17.333696145124716,
          17.937414965986395,
          18.599183673469387
        ]
      },
      "musical_phrases": [
        {
          "start_time": 0,
          "midpoints": [
            2.5193650793650795
          ],
          "end_time": 4.841360544217687
        },
        {
          "start_time": 4.841360544217687,
          "midpoints": [
            7.163356009070295
          ],
          "end_time": 9.485351473922902
        },
        {
          "start_time": 9.485351473922902,
          "midpoints": [
            11.80734693877551
          ],
          "end_time": 14.129342403628119
        },
        {
          "start_time": 14.129342403628119,
          "midpoints": [
            16.6487074829932,
            18.970702947845805
          ],
          "end_time": 19.27
        }
      ],
      "phrase_groupings": [
        [
          0
        ],
        [
          1
        ],
        [
          2,
          3
        ]
      ],
      "cross_similarity": [
        [
          1.0,
          0.3548725544082365,
          0.38136305993651554,
          0.4371794353452133
        ],
        [
          0.3548725544082365,
          1.0,
          0.47123483015472395,
          0.5282010531891524
        ],
        [
          0.38136305993651554,
          0.47123483015472395,
          1.0,
          0.6582711299139041
        ],
        [
          0.43717943534521336,
          0.5282010531891524,
          0.6582711299139041,
          1.0
        ]
      ]
    }
  },
  {
    "title": "Welcome to My World",
    "clipName": "welcome-to-my-world",
    "clipPath": "other/welcome-to-my-world.mp4v",
    "clipType": "video",
    "isTest": false,
    "frameCount": 430,
    "fps": 29.0,
    "duration": 14.828,
    "width": 576,
    "height": 1024,
    "startTime": 0,
    "endTime": 14.828,
    "poseUpperBodyOnly": false,
    "tags": [
      "TikTok"
    ],
    "landmarkScope": [
      "pose"
    ],
    "clipRelativeStem": "other/welcome-to-my-world",
    "audioAnalysis": {
      "duration": 14.86,
      "sample_rate": 44100,
      "tempo_info": {
        "bpm": 129.19921875,
